0
39
0 1 15
0 1 35
1 25 10
25 26 50
26 22 150
22 26 40
3 22 40
22 23 80
23 23 60
23 3 50
2 3 5
24 3 70
21 43 70
13 13 90
15 36 70
14 36 40
15 36 160
14 36 90
12 13 90
9 17 80
46 46 700
46 48 70
9 46 120
49 48 190
48 49 30
49 49 105
49 49 600
46 39 180
45 41 120
9 45 20
5 28 30
20 28 50
27 27 140
27 29 70
27 29 200
28 27 90
0 24 70
0 0 15
23 24 100
2 25 30
26 2 100
1 2 20
3 1 10
6 21 100
6 12 75
5 6 85
0 3 45
21 42 15
35 27 210
20 29 120
29 47 130
33 47 130
20 33 50
5 8 200
32 30 90
10 30 350
50 50 75
32 31 60
6 18 90
12 16 150
36 37 15
37 38 40
38 39 40
37 38 80
39 39 600
38 39 70
38 41 190
37 40 140
40 40 200
40 41 65
12 17 130
12 14 80
17 41 90
11 30 210
41 36 170
41 16 85
12 15 40
13 37 80
8 9 90
7 10 400
7 11 50
19 30 70
5 7 100
7 19 60
39 40 170
0 35 100
0 4 20
5 20 80
32 34 40
20 32 240
35 4 40
4 5 30
4 5 40
4 5 50
34 50 40
5 42 70
8 18 40
6 21 300
24 0 25
39 36 25
12 21 140
5 18 95
18 12 190
30 9 80
31 34 210
9 50 150
8 16 160
16 17 180
7 18 30
20 7 160
7 33 200
49 53 200
33 32 140
50 48 120
48 46 115
46 45 35
37 38 120
14 15 150
43 14 45
42 44 90
1 25 50
2 22 200
35 4 80
45 51 25
49 52 90
38 54 60
50 55 20
42 56 130
45 57 85
22 58 30
47 59 800
21 44 30
10 11 20
11 8 70
11 18 15
13 43 35
15 16 20
17 45 40
19 10 15
25 26 25
28 29 40
30 34 50
34 30 90
32 10 25
48 55 80
